73 80 84 47 97 59 70
94 47 70 58 94 45
78 95 52 47 59 80 48
94 48 72 96 70 85 93 100 83
64 78 63
48 60 66
61 94 41 84 64 88 66 91
81 67 43 98 66 41
99 79 46 69
54 98 81 44 92 98 99 78 91
71 57 62
99 84 95 61 91 43
88 51 77 71 48 89 60 57 46
45 72 49 82 86 100
65 97 54 65 66 74
60 53 67 87 57 58 59 96 75 53
57 96 93 49 86 63 66
61 82 42 98 98 48 57 44
65 75 54 50 59 79
96 53 41 63 65 63 57 66
76 98 42 54 97 42 96 64 93
80 73 46 91
66 67 84 56 88 100 70 95
58 80 99 77
42 66 62 42 94 82 41
49 91 83 47 84 56 52 49 79
55 66 74 99 100
100 78 70 87 100 83 92
41 97 83 55 55
81 82 90 98 42
42 90 62 87 69 52 59 72 64
87 72 64 63 60 76 95 77
41 89 55 78 54 72 79 73 66
100 52 80 84 55
89 82 46 51 44 67
79 76 64 92
72 100 54 97 83
88 90 48 72 41 49
42 44 51 74 51 98
68 90 59 98 62
58 66 54 70 99 41 63
54 68 46 93 65 56 63
66 69 78 75 96 71
45 46 82 74 81 79
70 53 96 56 43 56
90 62 71 51 95 59
56 93 59 43 47
89 60 81 46 61 50 48 56 50 85
81 79 66 85 90 84 91 97 78
57 99 74
67 55 70 72 57
91 68 54 52 55 80 74
91 59 65 48 78 54 83
81 81 55 76 66 92
61 94 59 45 62 96 63 83 48
45 94 65 50 98 71 77 63 93
49 91 68 94 47
73 65 61 44 61 86 87
77 79 71 46 48
59 44 44 86
70 65 95 52 69 45
85 54 95 54 46 65
65 50 90 78 63 63 43 50
98 96 50 87 84 91
87 49 59 80 57
60 84 47 82 46
97 56 77 47 48 79 41 80
66 58 74 64
69 47 44 83 80 85
93 83 77 64 75 59 71 45 42
69 100 93
85 57 80 67 60 49
91 63 73 52 64 62 69 41
42 76 42 77 90 72
45 79 56 48 46 59
92 69 87 77
58 47 95 48
87 84 95 85
90 64 79 95 44 75
41 77 45 53 48 60 42
65 82 100 96 89 84
49 56 77
62 47 67 64 63 89
94 57 56 78
75 51 61 96
51 71 72 78 61 57 93 77
50 52 59 88 47
100 66 90 83 82 50 98 61 63
93 64 42 58
42 45 93 88 83 43 44 42 49
85 93 76 65 63 83 78 75 99
63 58 67 83 96 66 74
85 72 93 85
71 85 84 44 77 69 56 68 65
75 88 50 62 86 43
43 79 59 94 74
79 61 48 63 53 90
88 48 69 55 100 55 73 58 89 57 84
69 77 63 91 97 55 86
63 98 67 62 47